%YAML:1.0
---
model_type: PINHOLE
camera_name: camera
image_width: 640
image_height: 480
distortion_parameters:
   k1: 0.01039572154372374
   k2: -0.00082854141124987
   p1: -0.006610495963366651
   p2: 0.0016460532775231292
projection_parameters:
   fx: 386.9046088938248
   fy: 387.67379812268115
   cx: 325.1254980303908
   cy: 241.28192443713144
