%YAML:1.0
---
model_type: PINHOLE
camera_name: camera
image_width: 640
image_height: 480
distortion_parameters:
   k1: 0.009271245878404076
   k2: -0.005742178749941209
   p1: -0.0007464392189561083
   p2: 0.0010976451246823883
projection_parameters:
   fx: 387.1130038376371
   fy: 387.73936950244456
   cx: 324.32645501158584
   cy: 241.28120182406906
